dot = 278
 ----- Computation time = 0.08491900000007213ms
outer = [[ 81.  18.  18.  81.   0.  81.  18.  45.   0.   0.  81.  18.  45.   0.
    0.]
 [ 18.   4.   4.  18.   0.  18.   4.  10.   0.   0.  18.   4.  10.   0.
    0.]
 [ 45.  10.  10.  45.   0.  45.  10.  25.   0.   0.  45.  10.  25.   0.
    0.]
 [  0.   0.   0.   0.   0.   0.   0.   0.   0.   0.   0.   0.   0.   0.
    0.]
 [  0.   0.   0.   0.   0.   0.   0.   0.   0.   0.   0.   0.   0.   0.
    0.]
 [ 63.  14.  14.  63.   0.  63.  14.  35.   0.   0.  63.  14.  35.   0.
    0.]
 [ 45.  10.  10.  45.   0.  45.  10.  25.   0.   0.  45.  10.  25.   0.
    0.]
 [  0.   0.   0.   0.   0.   0.   0.   0.   0.   0.   0.   0.   0.   0.
    0.]
 [  0.   0.   0.   0.   0.   0.   0.   0.   0.   0.   0.   0.   0.   0.
    0.]
 [  0.   0.   0.   0.   0.   0.   0.   0.   0.   0.   0.   0.   0.   0.
    0.]
 [ 81.  18.  18.  81.   0.  81.  18.  45.   0.   0.  81.  18.  45.   0.
    0.]
 [ 18.   4.   4.  18.   0.  18.   4.  10.   0.   0.  18.   4.  10.   0.
    0.]
 [ 45.  10.  10.  45.   0.  45.  10.  25.   0.   0.  45.  10.  25.   0.
    0.]
 [  0.   0.   0.   0.   0.   0.   0.   0.   0.   0.   0.   0.   0.   0.
    0.]
 [  0.   0.   0.   0.   0.   0.   0.   0.   0.   0.   0.   0.   0.   0.
    0.]]
 ----- Computation time = 0.2141150000000147ms
elementwise multiplication = [ 81.   4.  10.   0.   0.  63.  10.   0.   0.   0.  81.   4.  25.   0.   0.]
 ----- Computation time = 0.13356899999994454ms
gdot = [ 21.17980839  17.17504228  28.5688739 ]
 ----- Computation time = 0.16714699999997862ms
